thetas version times mems
10 0.2.5 482.59 10624
10 0.2.5 474.35 10720
10 0.2.5 480.76 10688
10 0.2.5 471.7 10592
10 0.2.5 473.13 10688
10 0.2.5 474.07 10608
10 0.2.5 476.53 10640
10 0.2.5 475.17 11088
10 0.2.5 476.57 10560
10 0.2.5 476.95 10624
10 0.2.5 472.23 10688
10 0.2.5 472.82 10608
10 0.2.5 475.82 10640
10 0.2.5 472.3 10880
10 0.2.5 475.09 10608
10 0.2.5 477.11 10608
10 0.2.5 474.02 10560
10 0.2.5 478.35 10688
10 0.2.5 479.95 10608
10 0.2.5 476.18 10656
10 0.2.5 477.96 10624
10 0.2.5 477.93 10656
10 0.2.5 475.91 10592
10 0.2.5 476.02 10608
10 0.2.5 474.82 10592
10 0.2.5 477.05 10880
10 0.2.5 475.38 10688
10 0.2.5 477.11 10640
10 0.2.5 477.33 10656
10 0.2.5 476.99 10640
10 0.2.5 477.61 10720
10 0.2.5 475.26 11056
10 0.2.5 476.05 10656
10 0.2.5 475.33 10592
10 0.2.5 475.85 10688
10 0.2.5 474.17 10640
10 0.2.5 475.15 10688
10 0.2.5 475.68 10656
10 0.2.5 473.67 10640
10 0.2.5 470.73 10592
10 0.2.5 469.15 10656
10 0.2.5 473.55 10880
10 0.2.5 470.78 10560
10 0.2.5 474.28 10656
10 0.2.5 476.54 10880
10 0.2.5 492.12 10672
10 0.2.5 476.71 10704
10 0.2.5 465.71 10640
10 0.2.5 476.27 10608
10 0.2.5 478.16 10592
10 0.2.5 478.38 10592
10 0.2.5 472.45 10688
10 0.2.5 476.05 10688
10 0.2.5 477.05 10624
10 0.2.5 477.15 10672
10 0.2.5 474.61 10704
10 0.2.5 475.66 10688
10 0.2.5 475.23 10608
10 0.2.5 476.55 10784
10 0.2.5 480.75 10592
10 0.2.5 472.49 10608
10 0.2.5 476.24 10688
10 0.2.5 477.38 10672
10 0.2.5 474.9 10592
10 0.2.5 458.49 10608
10 0.2.5 449.57 10656
10 0.2.5 454.29 10672
10 0.2.5 455.39 10688
10 0.2.5 452.72 10608
10 0.2.5 457.61 10608
10 0.2.5 452.58 10672
10 0.2.5 444.47 11056
10 0.2.5 452.68 10624
10 0.2.5 445.92 10704
10 0.2.5 455.79 10672
10 0.2.5 457.55 10688
10 0.2.5 458.37 10672
10 0.2.5 453.76 10704
10 0.2.5 449.19 10704
10 0.2.5 458.4 10640
10 0.2.5 449.73 10640
10 0.2.5 442.92 10704
10 0.2.5 459.06 10704
10 0.2.5 446.79 10880
10 0.2.5 458.18 10720
10 0.2.5 450.07 10624
10 0.2.5 453.98 10608
10 0.2.5 438.75 10592
10 0.2.5 455.79 11072
10 0.2.5 444.6 10704
10 0.2.5 457.45 10624
10 0.2.5 448.79 10704
10 0.2.5 458.67 10624
10 0.2.5 448.29 10608
10 0.2.5 455.04 10672
10 0.2.5 451.01 10608
10 0.2.5 455.04 10704
10 0.2.5 532.01 10688
10 0.2.5 459.54 10688
10 0.2.5 459.19 10688
10 0.2.5 459.36 10720
10 0.2.5 452.59 10672
10 0.2.5 445.62 10640
10 0.2.5 414.96 10608
10 0.2.5 459.61 10672
10 0.2.5 443.24 10688
10 0.2.5 458.79 10688
10 0.2.5 445.83 10608
10 0.2.5 454.74 10656
10 0.2.5 452.34 10592
10 0.2.5 454.87 10656
10 0.2.5 451.78 10656
10 0.2.5 450.91 10720
10 0.2.5 442.41 10656
10 0.2.5 452.34 10688
10 0.2.5 448.68 10688
10 0.2.5 455.41 10768
10 0.2.5 450.36 10704
10 0.2.5 452.56 10688
10 0.2.5 450.18 10608
10 0.2.5 460.44 10672
10 0.2.5 446 10688
10 0.2.5 459.02 10704
10 0.2.5 451.55 10656
10 0.2.5 458.55 10592
10 0.2.5 449.4 10640
10 0.2.5 461.31 10688
10 0.2.5 446.56 11072
10 0.2.4 500.06 10608
10 0.2.4 480.82 10704
10 0.2.4 494.42 10672
10 0.2.4 487.26 10608
10 0.2.4 528.1 10672
10 0.2.4 529.2 10592
10 0.2.4 513.11 10624
10 0.2.4 533.1 10656
10 0.2.4 531.89 10544
10 0.2.4 537.87 10592
10 0.2.4 524.72 10656
10 0.2.4 533.27 10592
10 0.2.4 520.74 10624
10 0.2.4 519.08 10848
10 0.2.4 524.43 10592
10 0.2.4 526.17 10656
10 0.2.4 516.36 10592
10 0.2.4 523.41 10672
10 0.2.4 528.86 11056
10 0.2.4 526.22 10624
10 0.2.4 532.58 10592
10 0.2.4 535.41 10640
10 0.2.4 524.42 10592
10 0.2.4 527 10576
10 0.2.4 524.47 11072
10 0.2.4 527.32 10848
10 0.2.4 529.48 10656
10 0.2.4 536.95 10640
10 0.2.4 513.22 10640
10 0.2.4 516.7 10624
10 0.2.4 542.04 11104
10 0.2.4 523.57 10624
10 0.2.4 522.9 10640
10 0.2.4 525.96 10592
10 0.2.4 524.31 10688
10 0.2.4 516.35 10640
10 0.2.4 524.49 10864
10 0.2.4 526.42 10656
10 0.2.4 514.64 10608
10 0.2.4 514.41 10592
10 0.2.4 505.91 11040
10 0.2.4 527.1 10864
10 0.2.4 515.08 10528
10 0.2.4 517.77 10656
10 0.2.4 519.55 10864
10 0.2.4 528.86 10640
10 0.2.4 523.55 10688
10 0.2.4 503.84 11024
10 0.2.4 535.82 10592
10 0.2.4 524.14 10592
10 0.2.4 524.83 10576
10 0.2.4 510.02 10672
10 0.2.4 536.37 10704
10 0.2.4 510.02 10640
10 0.2.4 530.71 10656
10 0.2.4 507.01 10672
10 0.2.4 526.11 10608
10 0.2.4 512.6 10672
10 0.2.4 531.48 10752
10 0.2.4 540.08 10608
10 0.2.4 517.42 10592
10 0.2.4 519.34 10672
10 0.2.4 541.68 10672
10 0.2.4 522.8 10592
10 0.2.4 503.16 10672
10 0.2.4 518.66 10640
10 0.2.4 503.36 10640
10 0.2.4 470.82 10704
10 0.2.4 512.87 10576
10 0.2.4 482.44 10592
10 0.2.4 506.69 10704
10 0.2.4 482.85 11040
10 0.2.4 506.27 10640
10 0.2.4 519.09 10688
10 0.2.4 509.62 10592
10 0.2.4 519.7 10592
10 0.2.4 507.1 10656
10 0.2.4 516.86 10592
10 0.2.4 501.22 10672
10 0.2.4 481.07 10640
10 0.2.4 498.28 10624
10 0.2.4 530.65 10688
10 0.2.4 507.91 10576
10 0.2.4 525.85 10848
10 0.2.4 504.99 10608
10 0.2.4 544.62 10656
10 0.2.4 500.2 10672
10 0.2.4 496.54 10656
10 0.2.4 499.51 10640
10 0.2.4 502.02 10688
10 0.2.4 512.13 10672
10 0.2.4 517.47 10672
10 0.2.4 500.52 10640
10 0.2.4 513.27 10592
10 0.2.4 498.09 10640
10 0.2.4 520.67 10592
10 0.2.4 504.9 10656
10 0.2.4 509.96 10672
10 0.2.4 504.69 10688
10 0.2.4 532.08 10592
10 0.2.4 499.21 10672
10 0.2.4 535.51 10656
10 0.2.4 492.55 10608
10 0.2.4 526.57 10592
10 0.2.4 502.69 10656
10 0.2.4 512.05 10656
10 0.2.4 493.73 10656
10 0.2.4 520.89 10576
10 0.2.4 491.52 10640
10 0.2.4 521.62 10576
10 0.2.4 453.1 10640
10 0.2.4 516.51 10640
10 0.2.4 491.3 10704
10 0.2.4 511.58 10640
10 0.2.4 511.96 10672
10 0.2.4 521.58 10656
10 0.2.4 514.58 10736
10 0.2.4 526.01 10688
10 0.2.4 531.38 10672
10 0.2.4 521.01 10592
10 0.2.4 527.26 10592
10 0.2.4 531.32 10672
10 0.2.4 531.31 10672
10 0.2.4 521.81 10624
10 0.2.4 527.41 10656
10 0.2.4 514.76 11056
10 0.2.4 488.42 10672
10 0.2.4 520.46 10640
50 0.2.5 525.62 12576
50 0.2.5 518.77 12256
50 0.2.5 522.6 12480
50 0.2.5 514.51 12464
50 0.2.5 513.08 12128
50 0.2.5 516.25 12288
50 0.2.5 522.76 12480
50 0.2.5 515.77 12256
50 0.2.5 515.96 12192
50 0.2.5 509.8 12176
50 0.2.5 519.38 12448
50 0.2.5 502.78 12160
50 0.2.5 521.14 12224
50 0.2.5 539.35 12176
50 0.2.5 513.08 12000
50 0.2.5 535.19 12352
50 0.2.5 518.87 12352
50 0.2.5 532.93 11952
50 0.2.5 519.57 12512
50 0.2.5 542.51 12304
50 0.2.5 510.05 12560
50 0.2.5 539.25 12288
50 0.2.5 518.85 12272
50 0.2.5 547.58 12656
50 0.2.5 519.04 12528
50 0.2.5 541.06 12336
50 0.2.5 517.36 12448
50 0.2.5 555.68 12480
50 0.2.5 509.69 12768
50 0.2.5 534.31 12144
50 0.2.5 518.58 12016
50 0.2.5 540.84 12080
50 0.2.5 516.47 12256
50 0.2.5 537.92 12512
50 0.2.5 517.08 12416
50 0.2.5 534.63 12144
50 0.2.5 513.95 12336
50 0.2.5 531.75 12128
50 0.2.5 524.25 12448
50 0.2.5 538.39 12272
50 0.2.5 515.62 12224
50 0.2.5 537.92 12288
50 0.2.5 519.53 12240
50 0.2.5 535.25 12128
50 0.2.5 519.57 12368
50 0.2.5 533.72 12144
50 0.2.5 519.66 12304
50 0.2.5 533.98 12480
50 0.2.5 512.42 12272
50 0.2.5 534.13 12176
50 0.2.5 514.96 12176
50 0.2.5 539.4 12752
50 0.2.5 517.86 12848
50 0.2.5 535.02 12192
50 0.2.5 517.62 12240
50 0.2.5 537.76 12528
50 0.2.5 515.79 12144
50 0.2.5 533.34 12208
50 0.2.5 513.26 12112
50 0.2.5 540.65 12384
50 0.2.5 526.33 12704
50 0.2.5 538.64 12432
50 0.2.5 519.62 12352
50 0.2.5 539.85 12464
50 0.2.5 529.33 12352
50 0.2.5 502.05 12432
50 0.2.5 546.55 12896
50 0.2.5 507.57 12224
50 0.2.5 538.17 12560
50 0.2.5 506.26 12192
50 0.2.5 528.37 12272
50 0.2.5 513.89 12288
50 0.2.5 536.8 12208
50 0.2.5 516.97 12288
50 0.2.5 537.68 12336
50 0.2.5 512.68 12800
50 0.2.5 531.26 12384
50 0.2.5 516.53 12176
50 0.2.5 538.81 12432
50 0.2.5 538.46 12560
50 0.2.5 539.86 12880
50 0.2.5 532.41 12512
50 0.2.5 528.94 12512
50 0.2.5 528.99 12224
50 0.2.5 492.71 12352
50 0.2.5 504.72 12256
50 0.2.5 537.74 12640
50 0.2.5 535.55 12496
50 0.2.5 537.85 12896
50 0.2.5 527.56 12144
50 0.2.5 511.5 12192
50 0.2.5 534.05 12192
50 0.2.5 507.65 12352
50 0.2.5 522.22 12288
50 0.2.5 510.16 12496
50 0.2.5 519.67 12400
50 0.2.5 503.25 12160
50 0.2.5 517.35 12176
50 0.2.5 517.1 12544
50 0.2.5 521.13 12128
50 0.2.5 516.29 12400
50 0.2.5 521.53 12544
50 0.2.5 516.4 12400
50 0.2.5 516.54 12576
50 0.2.5 521.41 12352
50 0.2.5 518.78 12272
50 0.2.5 511.32 12400
50 0.2.5 517.09 12288
50 0.2.5 514.35 12272
50 0.2.5 515.85 12528
50 0.2.5 513.84 12240
50 0.2.5 526.18 12368
50 0.2.5 509.25 12208
50 0.2.5 522.73 12256
50 0.2.5 511.98 12288
50 0.2.5 518.42 12224
50 0.2.5 518.31 12688
50 0.2.5 518.64 12288
50 0.2.5 517.38 12656
50 0.2.5 526.35 12720
50 0.2.5 504.14 12592
50 0.2.5 523.04 12800
50 0.2.5 516.43 12304
50 0.2.5 517.91 12240
50 0.2.5 511.69 12576
50 0.2.5 513.48 12768
50 0.2.5 527.07 11968
50 0.2.5 511.62 12304
50 0.2.4 856.42 12544
50 0.2.4 851.75 12224
50 0.2.4 843.26 12480
50 0.2.4 903.82 12432
50 0.2.4 769.9 12096
50 0.2.4 858.83 12304
50 0.2.4 860.78 12464
50 0.2.4 833.59 12240
50 0.2.4 860.95 12160
50 0.2.4 832.33 12144
50 0.2.4 933.77 12448
50 0.2.4 822.23 12144
50 0.2.4 897.76 12192
50 0.2.4 842.48 12160
50 0.2.4 794.79 11984
50 0.2.4 900.27 12288
50 0.2.4 842.03 12320
50 0.2.4 806.28 11952
50 0.2.4 907.55 12480
50 0.2.4 827.82 12288
50 0.2.4 840.23 12240
50 0.2.4 839.73 12256
50 0.2.4 907.81 12256
50 0.2.4 813.57 12640
50 0.2.4 916.56 12512
50 0.2.4 891.44 12336
50 0.2.4 873.65 12480
50 0.2.4 827.91 12064
50 0.2.4 853.24 12176
50 0.2.4 831.35 12144
50 0.2.4 849.44 12000
50 0.2.4 792.66 12064
50 0.2.4 857.02 12208
50 0.2.4 782.42 12432
50 0.2.4 929.42 12432
50 0.2.4 793.59 12112
50 0.2.4 872.02 12336
50 0.2.4 801.5 12112
50 0.2.4 935.51 12304
50 0.2.4 848.07 12256
50 0.2.4 855.5 12208
50 0.2.4 855.79 12240
50 0.2.4 904.12 12224
50 0.2.4 830.31 12080
50 0.2.4 901.01 12368
50 0.2.4 769.87 12144
50 0.2.4 902.29 12288
50 0.2.4 731.55 12288
50 0.2.4 785.63 12272
50 0.2.4 776.86 12176
50 0.2.4 837.25 12016
50 0.2.4 914.24 12448
50 0.2.4 922.58 12832
50 0.2.4 861.66 12192
50 0.2.4 833.84 12224
50 0.2.4 827.76 12512
50 0.2.4 812.09 12112
50 0.2.4 832.42 12176
50 0.2.4 851 12096
50 0.2.4 826.47 12320
50 0.2.4 958.51 12704
50 0.2.4 797.05 12352
50 0.2.4 904.48 12352
50 0.2.4 905.96 12432
50 0.2.4 697.73 12336
50 0.2.4 769.03 12400
50 0.2.4 926.57 12880
50 0.2.4 830.1 12592
50 0.2.4 878.26 12480
50 0.2.4 812.11 12048
50 0.2.4 810.72 12272
50 0.2.4 808.81 12288
50 0.2.4 836.1 12240
50 0.2.4 821.63 12320
50 0.2.4 670.94 12336
50 0.2.4 800.48 12768
50 0.2.4 796.68 12304
50 0.2.4 880.34 12144
50 0.2.4 779.8 12384
50 0.2.4 896.65 12544
50 0.2.4 867.67 12512
50 0.2.4 902.53 12368
50 0.2.4 826.25 12160
50 0.2.4 834.79 12272
50 0.2.4 802.72 12352
50 0.2.4 887.74 12128
50 0.2.4 917.97 12608
50 0.2.4 843.68 12480
50 0.2.4 865.17 12848
50 0.2.4 806.68 12112
50 0.2.4 768.6 12144
50 0.2.4 808.91 12096
50 0.2.4 843.12 12272
50 0.2.4 802.93 12288
50 0.2.4 691.7 12464
50 0.2.4 859.36 12400
50 0.2.4 786.73 12336
50 0.2.4 728.24 12128
50 0.2.4 864.4 12512
50 0.2.4 853.4 12224
50 0.2.4 862.19 12224
50 0.2.4 923.1 12512
50 0.2.4 852.55 12368
50 0.2.4 926.39 12528
50 0.2.4 888 12352
50 0.2.4 775.23 12256
50 0.2.4 621.28 12384
50 0.2.4 879.4 12288
50 0.2.4 618.52 12256
50 0.2.4 781.92 12496
50 0.2.4 663.93 12096
50 0.2.4 756.14 12336
50 0.2.4 846.68 12176
50 0.2.4 883.8 12208
50 0.2.4 608.41 12240
50 0.2.4 846.85 12192
50 0.2.4 883.95 12624
50 0.2.4 877.36 12256
50 0.2.4 870.98 12576
50 0.2.4 984.16 12592
50 0.2.4 798.55 12560
50 0.2.4 885.93 12576
50 0.2.4 792.57 12272
50 0.2.4 852.93 12240
50 0.2.4 843.76 12560
50 0.2.4 930.85 12560
50 0.2.4 597.49 11920
50 0.2.4 881.09 12272
100 0.2.5 628.24 16224
100 0.2.5 668.95 15936
100 0.2.5 637.2 16560
100 0.2.5 666.38 15824
100 0.2.5 606.46 15792
100 0.2.5 654.2 15216
100 0.2.5 621.89 16080
100 0.2.5 655.07 15152
100 0.2.5 629.16 16304
100 0.2.5 672.33 16544
100 0.2.5 623.92 16128
100 0.2.5 657.7 15712
100 0.2.5 620.46 15680
100 0.2.5 660.69 15696
100 0.2.5 614.11 15952
100 0.2.5 655.9 16144
100 0.2.5 625.16 15872
100 0.2.5 684.24 16912
100 0.2.5 610.93 16240
100 0.2.5 663.24 16512
100 0.2.5 635.21 16896
100 0.2.5 662.97 15696
100 0.2.5 638.29 16960
100 0.2.5 667.63 16368
100 0.2.5 624.91 15744
100 0.2.5 656.37 15728
100 0.2.5 620.54 16032
100 0.2.5 654.49 16160
100 0.2.5 631.72 16176
100 0.2.5 647.66 15616
100 0.2.5 608.6 16464
100 0.2.5 671.04 16944
100 0.2.5 623.74 15792
100 0.2.5 654.75 15376
100 0.2.5 623.13 15856
100 0.2.5 658.29 15312
100 0.2.5 641.54 16208
100 0.2.5 669.01 16240
100 0.2.5 605.1 15680
100 0.2.5 618.68 16176
100 0.2.5 630.71 16176
100 0.2.5 623.17 15664
100 0.2.5 627.5 16384
100 0.2.5 659.02 16080
100 0.2.5 659.48 16032
100 0.2.5 619.43 16336
100 0.2.5 673.3 16208
100 0.2.5 655.14 16192
100 0.2.5 676.31 16752
100 0.2.5 658.24 16640
100 0.2.5 656.66 15728
100 0.2.5 622.43 16144
100 0.2.5 669.36 16464
100 0.2.5 622.05 16832
100 0.2.5 657.96 15728
100 0.2.5 626.83 16144
100 0.2.5 675.07 16544
100 0.2.5 607.21 16080
100 0.2.5 672.64 16352
100 0.2.5 608.37 15536
100 0.2.5 679.89 15696
100 0.2.5 614.15 15136
100 0.2.5 654.81 15664
100 0.2.5 603.11 15120
100 0.2.5 627.01 17024
100 0.2.5 660.99 16192
100 0.2.5 624.5 16016
100 0.2.5 666.44 16144
100 0.2.5 622.8 15808
100 0.2.5 664.41 16544
100 0.2.5 618.49 16064
100 0.2.5 629.74 16832
100 0.2.5 605.74 15984
100 0.2.5 665.75 16336
100 0.2.5 608.94 16288
100 0.2.5 669.72 16160
100 0.2.5 626.18 16176
100 0.2.5 580.82 15536
100 0.2.5 633.61 16256
100 0.2.5 651.01 16000
100 0.2.5 612.19 15536
100 0.2.5 612.31 16336
100 0.2.5 659.14 16224
100 0.2.5 662.44 15744
100 0.2.5 621.85 15536
100 0.2.5 650.21 15328
100 0.2.5 616.38 15520
100 0.2.5 649.87 16000
100 0.2.5 625.68 16112
100 0.2.5 602.76 15808
100 0.2.5 616.38 15696
100 0.2.5 660.19 16016
100 0.2.5 671.37 15584
100 0.2.5 659.04 17072
100 0.2.5 657.16 15968
100 0.2.5 633.63 16576
100 0.2.5 674.75 16416
100 0.2.5 628.23 16032
100 0.2.5 668.08 16272
100 0.2.5 631.93 15632
100 0.2.5 671.85 16496
100 0.2.5 629.34 16320
100 0.2.5 670.04 16720
100 0.2.5 626.63 15984
100 0.2.5 665.66 16704
100 0.2.5 622.91 15152
100 0.2.5 660.36 17056
100 0.2.5 631.73 15520
100 0.2.5 662.58 16480
100 0.2.5 624.75 15616
100 0.2.5 615.07 15696
100 0.2.5 644.65 16976
100 0.2.5 665.45 16256
100 0.2.5 629.41 15504
100 0.2.5 662.43 16464
100 0.2.5 625.56 15952
100 0.2.5 667.58 17168
100 0.2.5 633.85 16208
100 0.2.5 621.61 15984
100 0.2.5 634.87 16128
100 0.2.5 658.59 15648
100 0.2.5 624.19 16240
100 0.2.5 668.13 16352
100 0.2.5 617.81 15824
100 0.2.5 665.28 15760
100 0.2.5 635.74 16560
100 0.2.5 632.18 16416
100 0.2.5 620.21 15200
100 0.2.4 1552.53 16224
100 0.2.4 1509.79 16096
100 0.2.4 1492.31 16464
100 0.2.4 1565.68 15952
100 0.2.4 1493.3 15792
100 0.2.4 1478.6 15216
100 0.2.4 1574.64 15984
100 0.2.4 1455.1 15152
100 0.2.4 1511.93 16272
100 0.2.4 1591.46 16544
100 0.2.4 1467.59 16032
100 0.2.4 1455.34 15696
100 0.2.4 1464.91 15680
100 0.2.4 1535.38 15760
100 0.2.4 1507.17 15952
100 0.2.4 1510.77 16064
100 0.2.4 1457.73 15952
100 0.2.4 1617.33 16912
100 0.2.4 1632.15 16144
100 0.2.4 1547.83 16304
100 0.2.4 1558.3 16496
100 0.2.4 1524.15 15712
100 0.2.4 1745.8 16864
100 0.2.4 1598.14 16448
100 0.2.4 1578.25 15728
100 0.2.4 1399.62 15728
100 0.2.4 1484.44 15984
100 0.2.4 1493.11 16144
100 0.2.4 1619.75 16304
100 0.2.4 1508.17 15600
100 0.2.4 1563.65 16496
100 0.2.4 1686.28 16960
100 0.2.4 1511.77 15808
100 0.2.4 1416.62 15392
100 0.2.4 1568.09 15808
100 0.2.4 1433.08 15296
100 0.2.4 1574.96 16032
100 0.2.4 1574.06 16272
100 0.2.4 1471.6 15728
100 0.2.4 1536.19 16176
100 0.2.4 1567.6 16112
100 0.2.4 1527.12 15616
100 0.2.4 1584.85 16384
100 0.2.4 1447 16016
100 0.2.4 1516.23 16000
100 0.2.4 1523.78 16288
100 0.2.4 1640.33 16192
100 0.2.4 1462.77 16128
100 0.2.4 1631.83 16784
100 0.2.4 1624.03 16640
100 0.2.4 1533.07 15856
100 0.2.4 1634.59 16112
100 0.2.4 1630.08 16304
100 0.2.4 1603.71 16992
100 0.2.4 1420.68 15696
100 0.2.4 1562.38 16416
100 0.2.4 1593.81 16576
100 0.2.4 1610.18 16016
100 0.2.4 1582.5 16288
100 0.2.4 1503.28 15728
100 0.2.4 1589.75 15808
100 0.2.4 1463.95 15392
100 0.2.4 1481.54 15632
100 0.2.4 1342.39 15056
100 0.2.4 1358.56 17008
100 0.2.4 1534.51 16128
100 0.2.4 1199.67 16080
100 0.2.4 1571.27 16144
100 0.2.4 1574.69 15792
100 0.2.4 1483.01 16512
100 0.2.4 1536.18 15968
100 0.2.4 1472.84 16800
100 0.2.4 1576.25 16000
100 0.2.4 1469.84 16304
100 0.2.4 1558.88 16304
100 0.2.4 1589.62 16176
100 0.2.4 1238.16 16144
100 0.2.4 1411.6 15616
100 0.2.4 1675.44 16224
100 0.2.4 1576.42 15968
100 0.2.4 1460.71 15600
100 0.2.4 1526.14 16464
100 0.2.4 1538.11 16096
100 0.2.4 1300.26 15728
100 0.2.4 1523.44 15504
100 0.2.4 1447.28 15296
100 0.2.4 1408.75 15520
100 0.2.4 1563.01 16032
100 0.2.4 1581.21 16064
100 0.2.4 1301.85 15664
100 0.2.4 1540.56 15680
100 0.2.4 1466.34 15872
100 0.2.4 1507.53 15584
100 0.2.4 1623.64 16992
100 0.2.4 1471.99 16064
100 0.2.4 1664.09 16480
100 0.2.4 1659.83 16480
100 0.2.4 1532.06 16064
100 0.2.4 1599.87 16208
100 0.2.4 1626.57 15584
100 0.2.4 1521.29 16464
100 0.2.4 1614.68 16272
100 0.2.4 1632.41 16608
100 0.2.4 1518.78 15872
100 0.2.4 1593.03 16368
100 0.2.4 1514.02 15088
100 0.2.4 1673.54 17040
100 0.2.4 1560.48 15520
100 0.2.4 1524.15 16320
100 0.2.4 1551.24 15664
100 0.2.4 1486.74 15664
100 0.2.4 1708.36 16848
100 0.2.4 1527.29 16240
100 0.2.4 1503.53 15392
100 0.2.4 1535.86 16480
100 0.2.4 1515.56 16048
100 0.2.4 1669.73 17088
100 0.2.4 1447.97 16192
100 0.2.4 1495.31 15968
100 0.2.4 1616.83 16112
100 0.2.4 1482.53 15600
100 0.2.4 1460.06 16208
100 0.2.4 1531.43 16288
100 0.2.4 1366.19 15808
100 0.2.4 1519.8 15744
100 0.2.4 1685.13 16720
100 0.2.4 1297.92 16368
100 0.2.4 1240.96 15264
250 0.2.5 1273.63 33920
250 0.2.5 1311.95 33616
250 0.2.5 1365.45 38736
250 0.2.5 1329.53 34832
250 0.2.5 1332.36 36368
250 0.2.5 1359.48 35264
250 0.2.5 1342.04 35392
250 0.2.5 1348.73 35360
250 0.2.5 1330.35 33728
250 0.2.5 1390.22 40528
250 0.2.5 1343.74 36736
250 0.2.5 1345.92 35360
250 0.2.5 1362.12 37648
250 0.2.5 1358.12 35808
250 0.2.5 1388.39 37504
250 0.2.5 1399.92 36048
250 0.2.5 1357.22 37136
250 0.2.5 1360.16 35584
250 0.2.5 1298.02 32656
250 0.2.5 1305.05 33072
250 0.2.5 1435.2 34848
250 0.2.5 1354.61 37456
250 0.2.5 1522.61 36416
250 0.2.5 1386.93 34576
250 0.2.5 1515.58 36352
250 0.2.5 1375.07 39056
250 0.2.5 1436.4 30960
250 0.2.5 1379.56 34576
250 0.2.5 1511.02 35008
250 0.2.5 1291.77 33584
250 0.2.5 1515.05 35072
250 0.2.5 1287.34 34800
250 0.2.5 1571.8 38064
250 0.2.5 1293.41 34208
250 0.2.5 1584.29 38224
250 0.2.5 1300.53 33088
250 0.2.5 1482.82 37728
250 0.2.5 1330.68 32448
250 0.2.5 1501.23 36224
250 0.2.5 1326.56 34480
250 0.2.5 1511.5 34960
250 0.2.5 1377.36 38272
250 0.2.5 1387.26 33088
250 0.2.5 1311.84 34368
250 0.2.5 1508.66 35936
250 0.2.5 1341.21 34832
250 0.2.5 1462.45 37424
250 0.2.5 1336.99 36896
250 0.2.5 1330.34 37424
250 0.2.5 1359.53 36848
250 0.2.5 1358.61 35344
250 0.2.5 1351.64 36976
250 0.2.5 1323.59 32272
250 0.2.5 1318.7 33664
250 0.2.5 1313.44 36400
250 0.2.5 1338.32 37248
250 0.2.5 1313.1 35472
250 0.2.5 1324.53 34896
250 0.2.5 1340.48 35456
250 0.2.5 1519.19 35024
250 0.2.5 1338.4 35312
250 0.2.5 1538.74 38048
250 0.2.5 1400.75 37504
250 0.2.5 1517.76 32240
250 0.2.5 1495.09 38160
250 0.2.5 1366.3 35728
250 0.2.5 1435.27 33088
250 0.2.5 1318.84 36048
250 0.2.5 1422.76 34048
250 0.2.5 1353.4 37360
250 0.2.5 1541.64 35056
250 0.2.5 1323.45 34112
250 0.2.5 1527.11 35264
250 0.2.5 1381.82 38944
250 0.2.5 1527.48 35840
250 0.2.5 1299.03 32352
250 0.2.5 1525.99 34368
250 0.2.5 1355.43 37024
250 0.2.5 1507.78 33328
250 0.2.5 1313.07 32000
250 0.2.5 1511.48 34432
250 0.2.5 1315.08 36000
250 0.2.5 1433.35 34528
250 0.2.5 1324.22 35632
250 0.2.5 1503.09 34560
250 0.2.5 1502.45 34096
250 0.2.5 1515.42 35120
250 0.2.5 1630.47 39984
250 0.2.5 1486.08 35072
250 0.2.5 1466.43 33680
250 0.2.5 1432.38 34672
250 0.2.5 1521.25 37136
250 0.2.5 1573.48 37168
250 0.2.5 1518.83 34848
250 0.2.5 1422.37 35504
250 0.2.5 1561.21 35680
250 0.2.5 1543.55 34816
250 0.2.5 1500.35 37904
250 0.2.5 1550.33 35168
250 0.2.5 1596.11 38512
250 0.2.5 1434.23 35280
250 0.2.5 1447.69 36224
250 0.2.5 1595.18 36960
250 0.2.5 1527.35 34464
250 0.2.5 1399.81 31696
250 0.2.5 1510.2 32192
250 0.2.5 1534.05 34016
250 0.2.5 1505.65 34704
250 0.2.5 1477.32 33024
250 0.2.5 1531.34 36816
250 0.2.5 1587.99 36176
250 0.2.5 1508.97 38608
250 0.2.5 1524.86 34624
250 0.2.5 1508.37 32688
250 0.2.5 1297.02 33728
250 0.2.5 1521.64 36304
250 0.2.5 1343.48 33872
250 0.2.5 1550.32 37120
250 0.2.5 1331.14 34608
250 0.2.5 1525.25 37392
250 0.2.5 1344.08 31712
250 0.2.5 1530.14 33696
250 0.2.5 1352.98 37072
250 0.2.5 1473.78 35536
250 0.2.5 1360.14 33984
250 0.2.5 1494.52 31328
250 0.2.5 1351.39 35520
250 0.2.5 1556.51 36208
250 0.2.4 4113.56 34080
250 0.2.4 3954.28 33232
250 0.2.4 4443.58 38704
250 0.2.4 4257.47 34736
250 0.2.4 4334.41 36304
250 0.2.4 4209.04 35344
250 0.2.4 4222.68 36368
250 0.2.4 4197.32 35216
250 0.2.4 3993.75 33520
250 0.2.4 4469.23 40224
250 0.2.4 4156.09 35952
250 0.2.4 4182.02 35984
250 0.2.4 4356.68 37728
250 0.2.4 4352.06 35760
250 0.2.4 4476.56 36992
250 0.2.4 4379.61 36112
250 0.2.4 4466.23 37520
250 0.2.4 4257.97 35792
250 0.2.4 3906.66 32624
250 0.2.4 4020.86 33024
250 0.2.4 4186.79 34544
250 0.2.4 4327.27 37200
250 0.2.4 4265.65 35680
250 0.2.4 4417.33 34832
250 0.2.4 4269.5 36176
250 0.2.4 4506.61 39168
250 0.2.4 3844.74 31776
250 0.2.4 4166.87 34544
250 0.2.4 4185.56 34912
250 0.2.4 3929.4 33632
250 0.2.4 4054.62 35152
250 0.2.4 4036.46 34800
250 0.2.4 4458.37 38912
250 0.2.4 4179.33 34256
250 0.2.4 4533.34 38288
250 0.2.4 3975.96 33376
250 0.2.4 4429.38 37888
250 0.2.4 4103.03 32368
250 0.2.4 4427.62 36240
250 0.2.4 4213.12 33728
250 0.2.4 4030.34 35056
250 0.2.4 4495.06 38320
250 0.2.4 4088.22 33600
250 0.2.4 4010.42 34320
250 0.2.4 4057 36208
250 0.2.4 4241.66 35376
250 0.2.4 4459.77 37344
250 0.2.4 4280.53 36800
250 0.2.4 4194.02 37440
250 0.2.4 4261.83 36816
250 0.2.4 4183.5 34528
250 0.2.4 4063.77 36976
250 0.2.4 4142.18 32576
250 0.2.4 4145.66 33168
250 0.2.4 4152.86 36544
250 0.2.4 4264.31 37184
250 0.2.4 4165.54 35552
250 0.2.4 4156.23 34784
250 0.2.4 4236.34 35488
250 0.2.4 4188.42 34912
250 0.2.4 4234.99 35440
250 0.2.4 4264.59 38000
250 0.2.4 4402.91 37536
250 0.2.4 4135.24 32384
250 0.2.4 3734.73 38240
250 0.2.4 4073.7 35776
250 0.2.4 3687.13 32800
250 0.2.4 3357.01 36240
250 0.2.4 3629.37 33856
250 0.2.4 4259.23 36784
250 0.2.4 4208.06 35040
250 0.2.4 4187.47 34048
250 0.2.4 3718.01 35408
250 0.2.4 3166.13 39264
250 0.2.4 4271.07 35648
250 0.2.4 3657.19 32288
250 0.2.4 4079.41 34208
250 0.2.4 4244.11 36032
250 0.2.4 3985.89 33344
250 0.2.4 4077.13 32000
250 0.2.4 3730.55 34336
250 0.2.4 4287.29 36032
250 0.2.4 4202.82 33440
250 0.2.4 3919.08 35504
250 0.2.4 4011.38 34512
250 0.2.4 3199.1 33904
250 0.2.4 4141.52 34800
250 0.2.4 4399.61 39840
250 0.2.4 4349.9 35104
250 0.2.4 3774.96 33808
250 0.2.4 3805.09 33952
250 0.2.4 4307.36 36864
250 0.2.4 3752.41 37136
250 0.2.4 4097.45 34896
250 0.2.4 4095.26 35584
250 0.2.4 4011.64 35440
250 0.2.4 4256.4 34576
250 0.2.4 4289.11 38256
250 0.2.4 4262.24 35232
250 0.2.4 4502.95 38688
250 0.2.4 4158.48 34944
250 0.2.4 2946.58 36016
250 0.2.4 4407.05 36848
250 0.2.4 3594.44 34640
250 0.2.4 4029.78 31568
250 0.2.4 3647.49 32208
250 0.2.4 4243.1 34128
250 0.2.4 3810.47 34672
250 0.2.4 4094.49 33040
250 0.2.4 3754.89 36704
250 0.2.4 4409.77 36720
250 0.2.4 3875.52 38592
250 0.2.4 4117.47 34672
250 0.2.4 3831.6 32592
250 0.2.4 4223.13 33600
250 0.2.4 3612.29 35776
250 0.2.4 4103.59 33856
250 0.2.4 3004.3 37584
250 0.2.4 4092.64 34240
250 0.2.4 4313.13 37344
250 0.2.4 3632.85 31728
250 0.2.4 3388.41 33728
250 0.2.4 4242.46 37104
250 0.2.4 4258.55 35584
250 0.2.4 4167.74 33536
250 0.2.4 4034.65 32064
250 0.2.4 4162.36 35568
250 0.2.4 4333.76 35920
500 0.2.5 3645.41 93824
500 0.2.5 3773.2 88128
500 0.2.5 3426.08 87936
500 0.2.5 3769.62 92640
500 0.2.5 3693.04 88080
500 0.2.5 3519.31 90480
500 0.2.5 3748.24 90096
500 0.2.5 3745.6 91728
500 0.2.5 3739.58 84736
500 0.2.5 3647.88 92032
500 0.2.5 3730.58 85600
500 0.2.5 3810.68 94112
500 0.2.5 3733.71 91168
500 0.2.5 3778.43 95632
500 0.2.5 3645.25 95328
500 0.2.5 3422.48 88464
500 0.2.5 3418.9 93936
500 0.2.5 3622.27 93856
500 0.2.5 4474.73 91360
500 0.2.5 3390.14 93904
500 0.2.5 4111.21 84432
500 0.2.5 3646.64 93920
500 0.2.5 3707.6 96160
500 0.2.5 4403 94464
500 0.2.5 3853.56 97376
500 0.2.5 4390.92 97856
500 0.2.5 4462.09 93280
500 0.2.5 4197.9 94576
500 0.2.5 4286.78 88864
500 0.2.5 4114.17 92368
500 0.2.5 3992.94 93008
500 0.2.5 4592.19 103056
500 0.2.5 4078.87 93840
500 0.2.5 3686.43 93408
500 0.2.5 4172.26 88896
500 0.2.5 3651.33 91424
500 0.2.5 4094.94 99360
500 0.2.5 4494.69 102064
500 0.2.5 4409.98 95744
500 0.2.5 4250.92 93792
500 0.2.5 4437.09 98672
500 0.2.5 4427.82 91888
500 0.2.5 4349.91 91856
500 0.2.5 4052.19 93744
500 0.2.5 4338.86 99664
500 0.2.5 4380.52 90992
500 0.2.5 4358.17 90960
500 0.2.5 4057.38 92272
500 0.2.5 4459.13 94720
500 0.2.5 4482.95 94656
500 0.2.5 3833.26 89856
500 0.2.5 3679.36 94352
500 0.2.5 3655.97 89552
500 0.2.5 4281.56 84704
500 0.2.5 3814.07 86848
500 0.2.5 4378.72 91200
500 0.2.5 3653.33 92160
500 0.2.5 4309.32 89728
500 0.2.5 3620.26 92048
500 0.2.5 4323.03 102208
500 0.2.5 3708.89 93408
500 0.2.5 3692.77 91232
500 0.2.5 3688.26 92448
500 0.2.5 3715.61 90128
500 0.2.5 3864.59 98096
500 0.2.5 4345.5 80960
500 0.2.5 3829.3 100912
500 0.2.5 4167.87 92976
500 0.2.5 3713.98 86688
500 0.2.5 4090.05 95120
500 0.2.5 3800.34 92416
500 0.2.5 4337.96 94400
500 0.2.5 3865.13 102576
500 0.2.5 4201 82432
500 0.2.5 3728.25 91824
500 0.2.5 4205.96 96256
500 0.2.5 4260.43 90512
500 0.2.5 4207.38 92784
500 0.2.5 4188.93 91744
500 0.2.5 4319.34 93440
500 0.2.5 4067.75 85424
500 0.2.5 4082.79 89152
500 0.2.5 4329.96 103136
500 0.2.5 4244.23 90128
500 0.2.5 4212.65 90816
500 0.2.5 4291.25 88656
500 0.2.5 4534.54 100400
500 0.2.5 4434.48 98016
500 0.2.5 4412.5 87136
500 0.2.5 4413.85 96816
500 0.2.5 4218.74 90832
500 0.2.5 3700.17 92240
500 0.2.5 4139.67 85760
500 0.2.5 3538.47 92960
500 0.2.5 4010.13 90384
500 0.2.5 3503.08 94736
500 0.2.5 4300.85 85104
500 0.2.5 3663.56 89152
500 0.2.5 4462.19 92944
500 0.2.5 3373.04 93040
500 0.2.5 4477.73 90784
500 0.2.5 3618.74 97520
500 0.2.5 4155.76 95472
500 0.2.5 3671.54 88352
500 0.2.5 3565.76 97904
500 0.2.5 3460.02 96160
500 0.2.5 3554.08 89904
500 0.2.5 3308.25 96848
500 0.2.5 3502.25 84896
500 0.2.5 3631.47 85136
500 0.2.5 3673.76 100816
500 0.2.5 3659.12 94480
500 0.2.5 3535.63 90016
500 0.2.5 3641.65 96496
500 0.2.5 4096.78 86304
500 0.2.5 3589.35 93472
500 0.2.5 4479.71 94992
500 0.2.5 3634.9 89424
500 0.2.5 4102.72 96544
500 0.2.5 3674.19 94432
500 0.2.5 4377.25 93712
500 0.2.5 3594.33 87072
500 0.2.5 4015.34 88832
500 0.2.5 3668.63 92896
500 0.2.5 4258.67 90288
500 0.2.5 3514.02 88048
500 0.2.5 4340.37 89744
500 0.2.5 3685.09 93248
500 0.2.4 10697.76 93008
500 0.2.4 10071.5 88944
500 0.2.4 9440.09 87808
500 0.2.4 10491.74 92640
500 0.2.4 9794.04 86816
500 0.2.4 10320.19 90416
500 0.2.4 9847.44 90496
500 0.2.4 10153.32 91328
500 0.2.4 10398.01 84752
500 0.2.4 10053.91 92688
500 0.2.4 9444.55 86640
500 0.2.4 11002.18 94224
500 0.2.4 10058.16 91920
500 0.2.4 10055.99 95808
500 0.2.4 10610.58 95744
500 0.2.4 9873.66 89440
500 0.2.4 9990.95 94016
500 0.2.4 10447.29 92800
500 0.2.4 10307.22 92368
500 0.2.4 10373.33 94064
500 0.2.4 9716.76 83792
500 0.2.4 10540.44 93120
500 0.2.4 10113.08 96336
500 0.2.4 10230.2 94832
500 0.2.4 10828.91 97280
500 0.2.4 10208.58 98512
500 0.2.4 10518.25 93296
500 0.2.4 10260.12 94896
500 0.2.4 9870.88 87664
500 0.2.4 10151.72 92240
500 0.2.4 10316.76 93072
500 0.2.4 10685.8 103968
500 0.2.4 10536.34 93648
500 0.2.4 9855.39 94256
500 0.2.4 10399.54 88400
500 0.2.4 10462.43 91792
500 0.2.4 10489.83 98848
500 0.2.4 10685.24 102000
500 0.2.4 10136.49 95472
500 0.2.4 10240.85 94592
500 0.2.4 10477.48 99120
500 0.2.4 10187.59 91584
500 0.2.4 10573.93 91632
500 0.2.4 10292.15 94832
500 0.2.4 10189.31 99120
500 0.2.4 10218.87 90624
500 0.2.4 10284.36 90480
500 0.2.4 10403.71 92464
500 0.2.4 10571.97 93840
500 0.2.4 10597.92 93984
500 0.2.4 10057.17 90304
500 0.2.4 10371.01 94704
500 0.2.4 9871.21 89552
500 0.2.4 9516.52 84704
500 0.2.4 10434.16 85440
500 0.2.4 10483.71 91168
500 0.2.4 9987.73 90912
500 0.2.4 9130.96 90096
500 0.2.4 10301.77 91520
500 0.2.4 9594.96 101888
500 0.2.4 10037.79 93728
500 0.2.4 9939.46 91328
500 0.2.4 10454 92784
500 0.2.4 10442.24 90480
500 0.2.4 10594.6 97520
500 0.2.4 8267.78 80912
500 0.2.4 10570.23 100208
500 0.2.4 8687.77 93792
500 0.2.4 8670.87 87712
500 0.2.4 8530.87 95952
500 0.2.4 10398.71 92752
500 0.2.4 8213.18 95776
500 0.2.4 9182.22 102832
500 0.2.4 8316.7 82944
500 0.2.4 8913.06 91552
500 0.2.4 8363.83 96048
500 0.2.4 9861.68 91216
500 0.2.4 8349.2 92944
500 0.2.4 9925.53 92944
500 0.2.4 8434.32 93488
500 0.2.4 8706.91 85680
500 0.2.4 7792.35 90080
500 0.2.4 10464.61 103936
500 0.2.4 7553.29 90240
500 0.2.4 10125.24 90720
500 0.2.4 7766.94 88064
500 0.2.4 10269.07 101520
500 0.2.4 7901.44 98144
500 0.2.4 9098.01 87248
500 0.2.4 10099.99 97024
500 0.2.4 10552.77 91152
500 0.2.4 10080.7 92464
500 0.2.4 10314.01 85984
500 0.2.4 9677.93 92656
500 0.2.4 8528.52 90256
500 0.2.4 9398.33 95440
500 0.2.4 10001.83 84416
500 0.2.4 9655.88 90864
500 0.2.4 10652.12 92800
500 0.2.4 9159.28 93504
500 0.2.4 10310.66 91072
500 0.2.4 9538.07 98336
500 0.2.4 9996.02 95200
500 0.2.4 8888 88368
500 0.2.4 10208.7 98384
500 0.2.4 8884.25 95360
500 0.2.4 10563.84 89936
500 0.2.4 9454.53 96576
500 0.2.4 10231.66 85776
500 0.2.4 7042.15 84864
500 0.2.4 10507.68 100928
500 0.2.4 9820.19 93808
500 0.2.4 10103.41 90352
500 0.2.4 9103.26 96144
500 0.2.4 10352.77 86064
500 0.2.4 10008.73 93904
500 0.2.4 10008.65 94688
500 0.2.4 6980.85 89792
500 0.2.4 10459.57 96128
500 0.2.4 7219.55 94384
500 0.2.4 10240.99 93632
500 0.2.4 7180.59 86864
500 0.2.4 10153.44 89408
500 0.2.4 6915.52 92688
500 0.2.4 9785.67 90288
500 0.2.4 9262.1 88192
500 0.2.4 9718.37 89712
500 0.2.4 7344 93072
